0000000 19778   822     0     0     0    54     0    40
0000020     0    16     0 65520 65535     1    24     0
0000040     0   768     0  2834     0  2834     0     0
0000060     0     0     0 65535 65535 65535 65535 65535
0000100 65535     0   255 65280     0   255 65280     0
0000120   255 65280     0   255 65280 65535 65535 65535
0000140 65535 65535 65535 65535 65535 65535     0   255
0000160 65280 65535 65535 65535 65535 65535 65535 65535
0000200 65535 65535 65535 65535 65535     0   255 65280
0000220 65535 65535 65535     0   255 65280 65535 65535
0000240 65535     0   255 65280 65535 65535 65535 65535
0000260 65535 65535     0   255 65280 65535 65535 65535
0000300     0   255 65280     0   255 65280 65535 65535
0000320 65535 65535 65535 65535 65535 65535 65535 65535
*
0000360     0   255 65280     0   255 65280 65535 65535
0000400 65535     0   255 65280 65535 65535 65535 65535
0000420 65535 65535     0   255 65280 65535 65535 65535
0000440     0   255 65280     0   255 65280 65535 65535
0000460 65535 65535 65535 65535     0   255 65280     0
0000500   255 65280 65535 65535 65535 65535 65535 65535
0000520     0   255 65280 65535 65535 65535     0   255
0000540 65280 65535 65535 65535 65535 65535 65535 65535
0000560 65535 65535 65535 65535 65535     0   255 65280
0000600 65535 65535 65535 65535 65535 65535 65535 65535
0000620 65535     0   255 65280     0   255 65280     0
0000640   255 65280     0   255 65280 65535 65535 65535
0000660 65535 65535 65535 65535 65535 65535 65535 65535
*
0003060 65535 65535 65535
0003066
