0000000 19778   246     0     0     0    54     0    40
0000020     0     8     0 65528 65535     1    24     0
0000040     0   192     0  2834     0  2834     0     0
0000060     0     0     0 65535 65535 65535     0   255
0000100 65280     0   255 65280 65535 65535 65535 65535
0000120   255 65280 65535 65535 65535 65535 65535 65535
0000140     0 65535 65535     0 65535 65535     0 65535
0000160 65535 65535   255 65280 65535   255 65280     0
0000200 65535 65535 65535 65535 65535 65535 65535 65535
0000220 65535   255 65280     0 65535 65535     0 65535
0000240 65535 65535   255 65280 65535   255 65280     0
0000260 65535 65535 65535   255 65280     0 65535 65535
0000300 65535   255 65280 65535   255 65280 65535 65535
0000320 65535 65535 65535 65535     0 65535 65535 65535
0000340 65535 65535     0   255 65280     0   255 65280
0000360 65535 65535 65535
0000366
